100
0 0
1 1
2 2
3 1
4 1
5 3
6 0
7 4
8 4
9 3
10 2
11 4
12 2
13 5
14 5
15 0
16 6
17 7
18 1
19 7
20 0
21 7
22 6
23 3
24 3
25 2
26 6
27 2
28 0
29 5
30 8
31 5
32 5
33 3
34 3
35 6
36 4
37 2
38 9
39 10
40 8
41 4
42 10
43 9
44 7
45 8
46 9
47 11
48 4
49 6
50 12
51 9
52 10
53 0
54 10
55 11
56 11
57 12
58 13
59 14
60 1
61 13
62 10
63 12
64 15
65 14
66 12
67 11
68 10
69 15
70 6
71 9
72 7
73 8
74 16
75 1
76 13
77 14
78 16
79 17
80 14
81 12
82 11
83 18
84 15
85 19
86 1
87 9
88 8
89 19
90 2
91 16
92 17
93 5
94 11
95 11
96 18
97 5
98 15
99 18